 0.00000000
 0.02499740
 0.04997917
 0.07492971
 0.09983342
 0.12467473
 0.14943813
 0.17410814
 0.19866933
 0.22310636
 0.24740396
 0.27154694
 0.29552021
 0.31930879
 0.34289781
 0.36627253
 0.38941834
 0.41232078
 0.43496553
 0.45733845
 0.47942554
 0.50121300
 0.52268723
 0.54383479
 0.56464247
 0.58509727
 0.60518641
 0.62489732
 0.64421769
 0.66313544
 0.68163876
 0.69971608
 0.71735609
 0.73454778
 0.75128041
 0.76754350
 0.78332691
 0.79862076
 0.81341550
 0.82770189
 0.84147098
 0.85471419
 0.86742323
 0.87959015
 0.89120736
 0.90226759
 0.91276394
 0.92268984
 0.93203909
 0.94080584
 0.94898462
 0.95657032
 0.96355819
 0.96994386
 0.97572336
 0.98089306
 0.98544973
 0.98939053
 0.99271299
 0.99541504
 0.99749499
 0.99895153
 0.99978376
 0.99999116
 0.99957360
 0.99853134
 0.99686503
 0.99457571
 0.99166481
 0.98813415
 0.98398595
 0.97922278
 0.97384763
 0.96786386
 0.96127520
 0.95408578
 0.94630009
 0.93792299
 0.92895972
 0.91941587
 0.90929743
 0.89861070
 0.88736237
 0.87555947
 0.86320937
 0.85031979
 0.83689879
 0.82295476
 0.80849640
 0.79353277
 0.77807320
 0.76212736
 0.74570521
 0.72881703
 0.71147335
 0.69368503
 0.67546318
 0.65681919
 0.63776470
 0.61831164
 0.59847214
 0.57825863
 0.55768372
 0.53676027
 0.51550137
 0.49392030
 0.47203054
 0.44984578
 0.42737988
 0.40464688
 0.38166099
 0.35843658
 0.33498815
 0.31133037
 0.28747801
 0.26344599
 0.23924933
 0.21490314
 0.19042265
 0.16582314
 0.14112001
 0.11632868
 0.09146464
 0.06654345
 0.04158066
 0.01659189
-0.00840725
-0.03340113
-0.05837414
-0.08331067
-0.10819513
-0.13301198
-0.15774569
-0.18238082
-0.20690197
-0.23129381
-0.25554110
-0.27962869
-0.30354151
-0.32726464
-0.35078323
-0.37408259
-0.39714817
-0.41996554
-0.44252044
-0.46479879
-0.48678665
-0.50847028
-0.52983614
-0.55087087
-0.57156132
-0.59189456
-0.61185789
-0.63143883
-0.65062514
-0.66940483
-0.68776616
-0.70569766
-0.72318812
-0.74022662
-0.75680250
-0.77290540
-0.78852525
-0.80365231
-0.81827711
-0.83239051
-0.84598370
-0.85904818
-0.87157577
-0.88355866
-0.89498936
-0.90586071
-0.91616594
-0.92589859
-0.93505258
-0.94362219
-0.95160207
-0.95898724
-0.96577306
-0.97195531
-0.97753012
-0.98249400
-0.98684386
-0.99057697
-0.99369100
-0.99618401
-0.99805444
-0.99930111
-0.99992326
-0.99992048
-0.99929279
-0.99804057
-0.99616461
-0.99366608
-0.99054654
-0.98680794
-0.98245261
-0.97748329
-0.97190307
-0.96571544
-0.95892427
-0.95153381
-0.94354867
-0.93497384
-0.92581468
-0.91607692
-0.90576664
-0.89489029
-0.88345466
-0.87146689
-0.85893449
-0.84586529
-0.83226744
-0.81814946
-0.80352016
-0.78838868
-0.77276449
-0.75665734
-0.74007731
-0.72303475
-0.70554033
-0.68760496
-0.66923986
-0.65045650
-0.63126664
-0.61168225
-0.59171558
-0.57137911
-0.55068554
-0.52964782
-0.50827908
-0.48659268
-0.46460218
-0.44232132
-0.41976402
-0.39694438
-0.37387666
-0.35057529
-0.32705481
-0.30332994
-0.27941550
-0.25532643
-0.23107779
-0.20668473
-0.18216250
-0.15752643
-0.13279191
-0.10797440
-0.08308940
-0.05815248
-0.03317922
-0.00818522
 0.01681390
 0.04180251
 0.06676499
 0.09168575
 0.11654920
 0.14133982
 0.16604211
 0.19064062
 0.21511999
 0.23946491
 0.26366018
 0.28769067
 0.31154136
 0.33519735
 0.35864385
 0.38186621
 0.40484992
 0.42758061
 0.45004407
 0.47222628
 0.49411335
 0.51569162
 0.53694760
 0.55786801
 0.57843976
 0.59865001
 0.61848613
 0.63793571
 0.65698660
 0.67562689
 0.69384494
 0.71162937
 0.72896904
 0.74585313
 0.76227109
 0.77821266
 0.79366786
 0.80862705
 0.82308088
 0.83702031
 0.85043662
 0.86332144
 0.87566671
 0.88746472
 0.89870810
 0.90938981
 0.91950318
 0.92904189
 0.93799998
 0.94637185
 0.95415227
 0.96133637
 0.96791967
 0.97389805
 0.97926778
 0.98402550
 0.98816823
 0.99169339
 0.99459878
 0.99688257
 0.99854335
 0.99958006
 0.99999207
 0.99977912
 0.99894134
 0.99747926
 0.99539378
 0.99268621
 0.98935825
 0.98541197
 0.98084984
 0.97567471
 0.96988981
 0.96349877
 0.95650557
 0.94891458
 0.94073056
 0.93195861
 0.92260421
 0.91267322
 0.90217183
 0.89110662
 0.87948450
 0.86731272
 0.85459891
 0.84135100
 0.82757727
 0.81328633
 0.79848711
 0.78318887
 0.76740116
 0.75113384
 0.73439710
 0.71720138
 0.69955743
 0.68147628
 0.66296923
 0.64404785
 0.62472395
 0.60500963
 0.58491719
 0.56445920
 0.54364844
 0.52249792
 0.50102086
 0.47923067
 0.45714098
 0.43476559
 0.41211849
 0.38921382
 0.36606591
 0.34268922
 0.31909836
 0.29530808
 0.27133323
 0.24718882
 0.22288991
 0.19845171
 0.17388949
 0.14921858
 0.12445442
 0.09961248
 0.07470829
 0.04975741
 0.02477543
-0.00022204
-0.02521937
-0.05020093
-0.07515112
-0.10005434
-0.12489504
-0.14965767
-0.17432678
-0.19888694
-0.22332280
-0.24761909
-0.27176063
-0.29573232
-0.31951919
-0.34310638
-0.36647913
-0.38962284
-0.41252306
-0.43516546
-0.45753589
-0.47962038
-0.50140513
-0.52287651
-0.54402111
-0.56482572
-0.58527732
-0.60536315
-0.62507065
-0.64438750
-0.66330162
-0.68180121
-0.69987469
-0.71751077
-0.73469843
-0.75142693
-0.76768581
-0.78346491
-0.79875437
-0.81354464
-0.82782647
-0.84159093
-0.85482943
-0.86753368
-0.87969576
-0.89130805
-0.90236331
-0.91285462
-0.92277542
-0.93211952
-0.94088108
-0.94905461
-0.95663502
-0.96361756
-0.96999787
-0.97577196
-0.98093623
-0.98548745
-0.98942276
-0.99273972
-0.99543625
-0.99751067
-0.99896167
-0.99978836
-0.99999021
-0.99956709
-0.99851929
-0.99684744
-0.99455259
-0.99163618
-0.98810003
-0.98394635
-0.97917773
-0.97379716
-0.96780800
-0.96121399
-0.95401925
-0.94622828
-0.93784595
-0.92887750
-0.91932853
-0.90920500
-0.89851326
-0.88725997
-0.87545217
-0.86309725
-0.85020292
-0.83677724
-0.82282859
-0.80836571
-0.79339763
-0.77793370
-0.76198358
-0.74555725
-0.72866498
-0.71131731
-0.69352508
-0.67529943
-0.65665174
-0.63759366
-0.61813711
-0.59829424
-0.57807746
-0.55749940
-0.53657292
-0.51531110
-0.49372722
-0.47183478
-0.44964746
-0.42717913
-0.40444382
-0.38145575
-0.35822928
-0.33477893
-0.31111935
-0.28726534
-0.26323179
-0.23903373
-0.21468629
-0.19020467
-0.16560418
-0.14090019
-0.11610814
-0.09124353
-0.06632190
-0.04135881
-0.01636988
 0.00862928
 0.03362305
 0.05859580
 0.08353194
 0.10841587
 0.13323204
 0.15796495
 0.18259913
 0.20711920
 0.23150983
 0.25575576
 0.27984186
 0.30375307
 0.32747444
 0.35099115
 0.37428850
 0.39735193
 0.42016704
 0.44271955
 0.46499537
 0.48698059
 0.50866146
 0.53002444
 0.55105617
 0.57174350
 0.59207351
 0.61203350
 0.63161099
 0.65079374
 0.66956976
 0.68792733
 0.70585496
 0.72334146
 0.74037589
 0.75694761
 0.77304626
 0.78866179
 0.80378443
 0.81840472
 0.83251355
 0.84610207
 0.85916181
 0.87168461
 0.88366263
 0.89508839
 0.90595474
 0.91625491
 0.92598244
 0.93513127
 0.94369567
 0.95167029
 0.95905015
 0.96583063
 0.97200750
 0.97757690
 0.98253534
 0.98687973
 0.99060736
 0.99371588
 0.99620337
 0.99806826
 0.99930939
 0.99992598
 0.99991766
 0.99928442
 0.99802665
 0.99614516
 0.99364110
 0.99051605
 0.98677196
 0.98241118
 0.97743641
 0.97185078
 0.96565778
 0.95886127
 0.95146550
 0.94347510
 0.93489506
 0.92573073
 0.91598786
 0.90567252
 0.89479117
 0.88335060
 0.87135797
 0.85882077
 0.84574683
 0.83214433
 0.81802176
 0.80338796
 0.78825207
 0.77262354
 0.75651215
 0.73992797
 0.72288135
 0.70538296
 0.68744372
 0.66907486
 0.65028784
 0.63109442
 0.61150658
 0.59153657
 0.57119687
 0.55050019
 0.52945947
 0.50808785
 0.48639869
 0.46440555
 0.44212217
 0.41956248
 0.39674057
 0.37367072
 0.35036733
 0.32684498
 0.30311836
 0.27920230
 0.25511174
 0.23086175
 0.20646748
 0.18194418
 0.15730716
 0.13257183
 0.10775365
 0.08286813
 0.05793082
 0.03295730
 0.00796318
-0.01703591
-0.04202435
-0.06698653
-0.09190685
-0.11676973
-0.14155963
-0.16626106
-0.19085858
-0.21533682
-0.23968049
-0.26387436
-0.28790332
-0.31175234
-0.33540654
-0.35885111
-0.38207142
-0.40505294
-0.42778132
-0.45024235
-0.47242199
-0.49430638
-0.51588185
-0.53713490
-0.55805227
-0.57862087
-0.59882786
-0.61866059
-0.63810668
-0.65715398
-0.67579057
-0.69400482
-0.71178534
-0.72912102
-0.74600102
-0.76241479
-0.77835208
-0.79380292
-0.80875766
-0.82320696
-0.83714178
-0.85055341
-0.86343347
-0.87577392
-0.88756703
-0.89880545
-0.90948214
-0.91959043
-0.92912401
-0.93807692
-0.94644356
-0.95421870
-0.96139749
-0.96797544
-0.97394843
-0.97931274
-0.98406501
-0.98820226
-0.99172193
-0.99462180
-0.99690007
-0.99855530
-0.99958647
-0.99999293
-0.99977443
-0.99893110
-0.99746348
-0.99537247
-0.99265938
-0.98932592
-0.98537415
-0.98080657
-0.97562601
-0.96983571
-0.96343930
-0.95644077
-0.94884450
-0.94065523
-0.93187808
-0.92251854
-0.91258245
-0.90207603
-0.89100584
-0.87937880
-0.86720218
-0.85448358
-0.84123097
-0.82745260
-0.81315711
-0.79835342
-0.78305079
-0.76725877
-0.75098725
-0.73424638
-0.71704663
-0.69939875
-0.68131377
-0.66280298
-0.64387797
-0.62455056
-0.60483282
-0.58473708
-0.56427590
-0.54346207
-0.52230859
-0.50082868
-0.47903578
-0.45694349
-0.43456562
-0.41191617
-0.38900928
-0.36585927
-0.34248062
-0.31888792
-0.29509593
-0.27111952
-0.24697366
-0.22267346
-0.19823408
-0.17367082
-0.14899903
-0.12423411
-0.09939155
-0.07448687
-0.04953564
-0.02455345
 0.00044408
 0.02544133
 0.05042269
 0.07537253
 0.10027527
 0.12511533
 0.14987721
 0.17454542
 0.19910454
 0.22353923
 0.24783421
 0.27197430
 0.29594442
 0.31972959
 0.34331493
 0.36668571
 0.38982733
 0.41272531
 0.43536536
 0.45773332
 0.47981521
 0.50159723
 0.52306577
 0.54420740
 0.56500893
 0.58545735
 0.60553987
 0.62524395
 0.64455727
 0.66346777
 0.68196362
 0.70003327
 0.71766541
 0.73484904
 0.75157342
 0.76782808
 0.78360288
 0.79888795
 0.81367374
 0.82795101
 0.84171084
 0.85494463
 0.86764410
 0.87980133
 0.89140870
 0.90245898
 0.91294525
 0.92286096
 0.93219991
 0.94095627
 0.94912455
 0.95669967
 0.96367688
 0.97005182
 0.97582052
 0.98097935
 0.98552511
 0.98945495
 0.99276641
 0.99545742
 0.99752630
 0.99897176
 0.99979290
 0.99998920
 0.99956054
 0.99850718
 0.99682979
 0.99452942
 0.99160750
 0.98806585
 0.98390669
 0.97913263
 0.97374664
 0.96775209
 0.96115272
 0.95395267
 0.94615643
 0.93776887
 0.92879523
 0.91924113
 0.90911254
 0.89841577
 0.88715753
 0.87534484
 0.86298509
 0.85008600
 0.83665564
 0.82270239
 0.80823498
 0.79326245
 0.77779416
 0.76183977
 0.74540926
 0.72851289
 0.71116122
 0.69336510
 0.67513565
 0.65648427
 0.63742260
 0.61796256
 0.59811631
 0.57789627
 0.55731505
 0.53638554
 0.51512080
 0.49353412
 0.47163900
 0.44944913
 0.42697836
 0.40424074
 0.38125049
 0.35802197
 0.33456970
 0.31090833
 0.28705265
 0.26301758
 0.23881812
 0.21446942
 0.18998668
 0.16538520
 0.14068036
 0.11588760
 0.09102242
 0.06610035
 0.04113696
 0.01614787
-0.00885131
-0.03384496
-0.05881746
-0.08375320
-0.10863660
-0.13345210
-0.15818420
-0.18281744
-0.20733642
-0.23172583
-0.25597041
-0.28005502
-0.30396461
-0.32768423
-0.35119905
-0.37449439
-0.39755568
-0.42036852
-0.44291863
-0.46519194
-0.48717451
-0.50885262
-0.53021271
-0.55124144
-0.57192566
-0.59225244
-0.61220908
-0.63178312
-0.65096231
-0.66973467
-0.68808846
-0.70601223
-0.72349476
-0.74052512
-0.75709269
-0.77318710
-0.78879829
-0.80391650
-0.81853230
-0.83263654
-0.84622040
-0.85927541
-0.87179340
-0.88376655
-0.89518737
-0.90604873
-0.91634383
-0.92606625
-0.93520992
-0.94376910
-0.95173846
-0.95911301
-0.96588815
-0.97205965
-0.97762363
-0.98257663
-0.98691556
-0.99063769
-0.99374071
-0.99622267
-0.99808203
-0.99931761
-0.99992866
-0.99991478
-0.99927599
-0.99801269
-0.99612565
-0.99361608
-0.99048552
-0.98673594
-0.98236969
-0.97738949
-0.97179845
-0.96560006
-0.95879821
-0.95139714
-0.94340148
-0.93481623
-0.92564674
-0.91589875
-0.90557836
-0.89469201
-0.88324651
-0.87124901
-0.85870700
-0.84562833
-0.83202117
-0.81789403
-0.80325573
-0.78811542
-0.77248256
-0.75636692
-0.73977859
-0.72272791
-0.70522555
-0.68728245
-0.66890982
-0.65011914
-0.63092216
-0.61133088
-0.59135753
-0.57101460
-0.55031481
-0.52927109
-0.50789659
-0.48620467
-0.46420889
-0.44192300
-0.41936092
-0.39653675
-0.37346475
-0.35015936
-0.32663513
-0.30290676
-0.27898908
-0.25489704
-0.23064571
-0.20625022
-0.18172584
-0.15708788
-0.13235175
-0.10753290
-0.08264685
-0.05770915
-0.03273538
-0.00774115
 0.01725791
 0.04224619
 0.06720807
 0.09212795
 0.11699025
 0.14177943
 0.16648000
 0.19107653
 0.21555365
 0.23989605
 0.26408852
 0.28811595
 0.31196331
 0.33561571
 0.35905835
 0.38227660
 0.40525594
 0.42798200
 0.45044059
 0.47261767
 0.49449938
 0.51607205
 0.53732218
 0.55823651
 0.57880195
 0.59900567
 0.61883502
 0.63827763
 0.65732133
 0.67595422
 0.69416467
 0.71194128
 0.72927296
 0.74614886
 0.76255845
 0.77849146
 0.79393794
 0.80888824
 0.82333300
 0.83726321
 0.85067016
 0.86354546
 0.87588108
 0.88766930
 0.89890276
 0.90957443
 0.91967764
 0.92920609
 0.93815382
 0.94651523
 0.95428509
 0.96145857
 0.96803116
 0.97399876
 0.97935764
 0.98410446
 0.98823625
 0.99175042
 0.99464477
 0.99691751
 0.99856721
 0.99959283
 0.99999374
 0.99976969
 0.99892081
 0.99744765
 0.99535110
 0.99263250
 0.98929354
 0.98533629
 0.98076325
 0.97557726
 0.96978156
 0.96337979
 0.95637593
 0.94877437
 0.94057985
 0.93179751
 0.92243282
 0.91249164
 0.90198018
 0.89090501
 0.87927306
 0.86709159
 0.85436822
 0.84111089
 0.82732790
 0.81302785
 0.79821969
 0.78291267
 0.76711635
 0.75084061
 0.73409562
 0.71689184
 0.69924003
 0.68115122
 0.66263671
 0.64370807
 0.62437714
 0.60465599
 0.58455695
 0.56409258
 0.54327567
 0.52211923
 0.50063649
 0.47884086
 0.45674597
 0.43436563
 0.41171383
 0.38880472
 0.36565262
 0.34227200
 0.31867747
 0.29488377
 0.27090579
 0.24675849
 0.22245699
 0.19801645
 0.17345216
 0.14877946
 0.12401379
 0.09917060
 0.07426545
 0.04931387
 0.02433148
-0.00066612
-0.02566330
-0.05064444
-0.07559394
-0.10049618
-0.12533563
-0.15009674
-0.17476404
-0.19932213
-0.22375564
-0.24804931
-0.27218797
-0.29615651
-0.31993996
-0.34352346
-0.36689228
-0.39003179
-0.41292755
-0.43556524
-0.45793072
-0.48001001
-0.50178930
-0.52325499
-0.54439367
-0.56519212
-0.58563734
-0.60571656
-0.62541722
-0.64472702
-0.66363388
-0.68212600
-0.70019181
-0.71782002
-0.73499962
-0.75171986
-0.76797031
-0.78374080
-0.79902148
-0.81380279
-0.82807551
-0.84183070
-0.85505978
-0.86775447
-0.87990685
-0.89150931
-0.90255461
-0.91303584
-0.92294645
-0.93228025
-0.94103141
-0.94919445
-0.95676428
-0.96373616
-0.97010573
-0.97586903
-0.98102243
-0.98556273
-0.98948708
-0.99279304
-0.99547853
-0.99754188
-0.99898180
-0.99979739
-0.99998814
-0.99955393
-0.99849503
-0.99681210
-0.99450620
-0.99157876
-0.98803162
-0.98386700
-0.97908748
-0.97369607
-0.96769613
-0.96109141
-0.95388605
-0.94608453
-0.93769174
-0.92871292
-0.91915369
-0.90902002
-0.89831824
-0.88705504
-0.87523746
-0.86287289
-0.84996905
-0.83653400
-0.82257615
-0.80810421
-0.79312724
-0.77765459
-0.76169593
-0.74526123
-0.72836077
-0.71100511
-0.69320509
-0.67497184
-0.65631676
-0.63725150
-0.61778797
-0.59793836
-0.57771504
-0.55713068
-0.53619813
-0.51493047
-0.49334099
-0.47144320
-0.44925077
-0.42677757
-0.40403765
-0.38104521
-0.35781464
-0.33436044
-0.31069729
-0.28683995
-0.26280335
-0.23860250
-0.21425254
-0.18976868
-0.16516621
-0.14046053
-0.11566705
-0.09080130
-0.06587879
-0.04091511
-0.01592586
 0.00907334
 0.03406687
 0.05903911
 0.08397446
 0.10885732
 0.13367215
 0.15840344
 0.18303573
 0.20755363
 0.23194182
 0.25618505
 0.28026817
 0.30417613
 0.32789400
 0.35140694
 0.37470026
 0.39775941
 0.42056997
 0.44311769
 0.46538848
 0.48736841
 0.50904375
 0.53040096
 0.55142668
 0.57210778
 0.59243133
 0.61238463
 0.63195521
 0.65113084
 0.66989954
 0.68824956
 0.70616946
 0.72364802
 0.74067432
 0.75723773
 0.77332789
 0.78893474
 0.80404854
 0.81865983
 0.83275949
 0.84633869
 0.85938897
 0.87190215
 0.88387042
 0.89528631
 0.90614266
 0.91643271
 0.92615002
 0.93528851
 0.94384248
 0.95180658
 0.95917583
 0.96594563
 0.97211174
 0.97767032
 0.98261788
 0.98695133
 0.99066798
 0.99376549
 0.99624193
 0.99809575
 0.99932579
 0.99993129
 0.99991186
 0.99926752
 0.99799867
 0.99610610
 0.99359100
 0.99045494
 0.98669988
 0.98232816
 0.97734251
 0.97174606
 0.96554230
 0.95873511
 0.95132874
 0.94332782
 0.93473735
 0.92556270
 0.91580960
 0.90548416
 0.89459281
 0.88314237
 0.87114000
 0.85859319
 0.84550979
 0.83189798
 0.81776625
 0.80312345
 0.78797872
 0.77234154
 0.75622166
 0.73962917
 0.72257443
 0.70506811
 0.68712115
 0.66874475
 0.64995042
 0.63074988
 0.61115515
 0.59117846
 0.57083231
 0.55012940
 0.52908269
 0.50770531
 0.48601063
 0.46401222
 0.44172381
 0.41915933
 0.39633290
 0.37325877
 0.34995137
 0.32642526
 0.30269514
 0.27877585
 0.25468233
 0.23042965
 0.20603295
 0.18150749
 0.15686860
 0.13213166
 0.10731215
 0.08242557
 0.05748748
 0.03251346
 0.00751912
-0.01747992
-0.04246803
-0.06742961
-0.09234904
-0.11721076
-0.14199922
-0.16669894
-0.19129448
-0.21577046
-0.24011160
-0.26430267
-0.28832856
-0.31217426
-0.33582486
-0.35926558
-0.38248177
-0.40545892
-0.42818267
-0.45063882
-0.47281334
-0.49469236
-0.51626222
-0.53750943
-0.55842072
-0.57898300
-0.59918345
-0.61900942
-0.63844854
-0.65748864
-0.67611784
-0.69432448
-0.71209719
-0.72942487
-0.74629668
-0.76270207
-0.77863081
-0.79407292
-0.80901877
-0.82345900
-0.83738460
-0.85078686
-0.86365741
-0.87598820
-0.88777152
-0.89900002
-0.90966667
-0.91976481
-0.92928813
-0.93823067
-0.94658685
-0.95435144
-0.96151959
-0.96808683
-0.97404904
-0.97940250
-0.98414387
-0.98827018
-0.99177885
-0.99466770
-0.99693491
-0.99857906
-0.99959914
-0.99999450
-0.99976490
-0.99891048
-0.99743177
-0.99532970
-0.99260557
-0.98926111
-0.98529838
-0.98071988
-0.97552846
-0.96972737
-0.96332022
-0.95631104
-0.94870419
-0.94050443
-0.93171689
-0.92234705
-0.91240078
-0.90188429
-0.89080414
-0.87916728
-0.86698096
-0.85425281
-0.84099078
-0.82720316
-0.81289856
-0.79808592
-0.78277451
-0.76697389
-0.75069394
-0.73394483
-0.71673702
-0.69908128
-0.68098864
-0.66247040
-0.64353813
-0.62420368
-0.60447912
-0.58437678
-0.56390922
-0.54308924
-0.52192985
-0.50044426
-0.47864592
-0.45654844
-0.43416562
-0.41151147
-0.38860014
-0.36544595
-0.34206336
-0.31846700
-0.29467160
-0.27069205
-0.24654332
-0.22224050
-0.19779880
-0.17323348
-0.14855989
-0.12379346
-0.09894966
-0.07404402
-0.04909210
-0.02410951
 0.00088816
 0.02588527
 0.05086620
 0.07581534
 0.10071710
 0.12555591
 0.15031626
 0.17498266
 0.19953971
 0.22397204
 0.24826441
 0.27240161
 0.29636858
 0.32015032
 0.34373198
 0.36709882
 0.39023624
 0.41312976
 0.43576510
 0.45812810
 0.48020478
 0.50198135
 0.52344420
 0.54457991
 0.56537528
 0.58581730
 0.60589321
 0.62559046
 0.64489673
 0.66379997
 0.68228835
 0.70035032
 0.71797459
 0.73515016
 0.75186628
 0.76811251
 0.78387869
 0.79915497
 0.81393181
 0.82819997
 0.84195053
 0.85517489
 0.86786480
 0.88001233
 0.89160987
 0.90265019
 0.91312638
 0.92303190
 0.93236055
 0.94110651
 0.94926430
 0.95682884
 0.96379539
 0.97015959
 0.97591749
 0.98106546
 0.98560030
 0.98951917
 0.99281962
 0.99549960
 0.99755742
 0.99899180
 0.99980184
 0.99998704
 0.99954728
 0.99848283
 0.99679436
 0.99448293
 0.99154999
 0.98799735
 0.98382725
 0.97904229
 0.97364546
 0.96764013
 0.96103006
 0.95381937
 0.94601258
 0.93761457
 0.92863057
 0.91906621
 0.90892746
 0.89822067
 0.88695251
 0.87513004
 0.86276064
 0.84985205
 0.83641232
 0.82244986
 0.80797340
 0.79299199
 0.77751497
 0.76155204
 0.74511316
 0.72820861
 0.71084895
 0.69304504
 0.67480799
 0.65614921
 0.63708036
 0.61761336
 0.59776037
 0.57753379
 0.55694628
 0.53601069
 0.51474012
 0.49314785
 0.47124737
 0.44905238
 0.42657675
 0.40383453
 0.38083992
 0.35760729
 0.33415118
 0.31048623
 0.28662723
 0.26258911
 0.23838687
 0.21403565
 0.18955067
 0.16494722
 0.14024068
 0.11544650
 0.09058017
 0.06565723
 0.04069326
 0.01570385
-0.00929537
-0.03428878
-0.05926076
-0.08419571
-0.10907803
-0.13389219
-0.15862267
-0.18325401
-0.20777083
-0.23215779
-0.25639967
-0.28048130
-0.30438764
-0.32810375
-0.35161481
-0.37490612
-0.39796312
-0.42077141
-0.44331673
-0.46558499
-0.48756228
-0.50923486
-0.53058918
-0.55161190
-0.57228988
-0.59261020
-0.61256015
-0.63212728
-0.65129935
-0.67006437
-0.68841063
-0.70632665
-0.72380125
-0.74082349
-0.75738273
-0.77346864
-0.78907116
-0.80418054
-0.81878732
-0.83288239
-0.84645694
-0.85950248
-0.87201086
-0.88397426
-0.89538520
-0.90623656
-0.91652155
-0.92623374
-0.93536707
-0.94391582
-0.95187466
-0.95923860
-0.96600306
-0.97216379
-0.97771695
-0.98265907
-0.98698706
-0.99069822
-0.99379022
-0.99626114
-0.99810942
-0.99933392
-0.99993387
-0.99990889
-0.99925900
-0.99798460
-0.99608650
-0.99356588
-0.99042431
-0.98666376
-0.98228657
-0.97729549
-0.97169363
-0.96548449
-0.95867196
-0.95126029
-0.94325411
-0.93465843
-0.92547861
-0.91572041
-0.90538990
-0.89449356
-0.88303819
-0.87103095
-0.85847934
-0.84539121
-0.83177474
-0.81763844
-0.80299114
-0.78784200
-0.77220048
-0.75607636
-0.73947971
-0.72242092
-0.70491064
-0.68695981
-0.66857965
-0.64978165
-0.63057756
-0.61097938
-0.59099936
-0.57064998
-0.54994397
-0.52889426
-0.50751400
-0.48581657
-0.46381552
-0.44152459
-0.41895773
-0.39612904
-0.37305277
-0.34974336
-0.32621537
-0.30248351
-0.27856261
-0.25446761
-0.23021358
-0.20581567
-0.18128914
-0.15664930
-0.13191157
-0.10709139
-0.08220428
-0.05726580
-0.03229154
-0.00729709
 0.01770193
 0.04268987
 0.06765114
 0.09257013
 0.11743126
 0.14221901
 0.16691787
 0.19151241
 0.21598727
 0.24032714
 0.26451681
 0.28854117
 0.31238520
 0.33603400
 0.35947278
 0.38268691
 0.40566188
 0.42838331
 0.45083703
 0.47300898
 0.49488532
 0.51645237
 0.53769665
 0.55860490
 0.57916403
 0.59936120
 0.61918379
 0.63861942
 0.65765592
 0.67628142
 0.69448425
 0.71225306
 0.72957674
 0.74644445
 0.76284566
 0.77877011
 0.79420786
 0.80914926
 0.82358496
 0.83750595
 0.85090352
 0.86376931
 0.87609527
 0.88787370
 0.89909724
 0.90975887
 0.91985193
 0.92937012
 0.93830747
 0.94665842
 0.95441773
 0.96158057
 0.96814245
 0.97409927
 0.97944731
 0.98418323
 0.98830406
 0.99180724
 0.99469057
 0.99695225
 0.99859087
 0.99960540
 0.99999522
 0.99976006
 0.99890009
 0.99741584
 0.99530824
 0.99257860
 0.98922863
 0.98526043
 0.98067647
 0.97547962
 0.96967312
 0.96326062
 0.95624610
 0.94863396
 0.94042896
 0.93163622
 0.92226124
 0.91230988
 0.90178835
 0.89070323
 0.87906145
 0.86687029
 0.85413736
 0.84087062
 0.82707837
 0.81276922
 0.79795212
 0.78263632
 0.76683140
 0.75054723
 0.73379400
 0.71658217
 0.69892250
 0.68082602
 0.66230405
 0.64336817
 0.62403019
 0.60430222
 0.58419658
 0.56372584
 0.54290279
 0.52174044
 0.50025202
 0.47845095
 0.45635088
 0.43396559
 0.41130910
 0.38839554
 0.36523926
 0.34185471
 0.31825651
 0.29445941
 0.27047829
 0.24632812
 0.22202401
 0.19758114
 0.17301479
 0.14834031
 0.12357312
 0.09872871
 0.07382259
 0.04887033
 0.02388753
-0.00111020
-0.02610723
-0.05108795
-0.07603674
-0.10093800
-0.12577619
-0.15053577
-0.17520127
-0.19975727
-0.22418844
-0.24847949
-0.27261525
-0.29658064
-0.32036067
-0.34394048
-0.36730535
-0.39044066
-0.41333196
-0.43596494
-0.45832545
-0.48039953
-0.50217337
-0.52363338
-0.54476612
-0.56555841
-0.58599724
-0.60606984
-0.62576367
-0.64506641
-0.66396602
-0.68245066
-0.70050879
-0.71812913
-0.73530066
-0.75201265
-0.76825466
-0.78401654
-0.79928843
-0.81406079
-0.82832438
-0.84207031
-0.85528996
-0.86797509
-0.88011776
-0.89171039
-0.90274573
-0.91321688
-0.92311730
-0.93244080
-0.94118156
-0.94933410
-0.95689335
-0.96385457
-0.97021341
-0.97596590
-0.98110844
-0.98563782
-0.98955121
-0.99284616
-0.99552062
-0.99757290
-0.99900174
-0.99980623
-0.99998588
-0.99954057
-0.99847058
-0.99677657
-0.99445962
-0.99152116
-0.98796303
-0.98378745
-0.97899704
-0.97359479
-0.96758408
-0.96096865
-0.95375265
-0.94594059
-0.93753734
-0.92854817
-0.91897868
-0.90883486
-0.89812305
-0.88684994
-0.87502258
-0.86264836
-0.84973501
-0.83629060
-0.82232354
-0.80784255
-0.79285669
-0.77737532
-0.76140812
-0.74496506
-0.72805642
-0.71069277
-0.69288495
-0.67464411
-0.65598164
-0.63690920
-0.61743871
-0.59758235
-0.57735251
-0.55676185
-0.53582323
-0.51454974
-0.49295467
-0.47105152
-0.44885398
-0.42637592
-0.40363139
-0.38063460
-0.35739993
-0.33394189
-0.31027515
-0.28641450
-0.26237485
