 0.00000000
 0.01249967
 0.02499740
 0.03749121
 0.04997917
 0.06245932
 0.07492971
 0.08738839
 0.09983342
 0.11226285
 0.12467473
 0.13706714
 0.14943813
 0.16178577
 0.17410814
 0.18640330
 0.19866933
 0.21090432
 0.22310636
 0.23527354
 0.24740396
 0.25949572
 0.27154694
 0.28355572
 0.29552021
 0.30743851
 0.31930879
 0.33112917
 0.34289781
 0.35461287
 0.36627253
 0.37787496
 0.38941834
 0.40090088
 0.41232078
 0.42367626
 0.43496553
 0.44618685
 0.45733845
 0.46841859
 0.47942554
 0.49035758
 0.50121300
 0.51199012
 0.52268723
 0.53330267
 0.54383479
 0.55428193
 0.56464247
 0.57491479
 0.58509727
 0.59518834
 0.60518641
 0.61508991
 0.62489732
 0.63460708
 0.64421769
 0.65372764
 0.66313544
 0.67243964
 0.68163876
 0.69073138
 0.69971608
 0.70859144
 0.71735609
 0.72600866
 0.73454778
 0.74297214
 0.75128041
 0.75947129
 0.76754350
 0.77549579
 0.78332691
 0.79103564
 0.79862076
 0.80608111
 0.81341550
 0.82062281
 0.82770189
 0.83465164
 0.84147098
 0.84815885
 0.85471419
 0.86113598
 0.86742323
 0.87357494
 0.87959015
 0.88546793
 0.89120736
 0.89680754
 0.90226759
 0.90758667
 0.91276394
 0.91779859
 0.92268984
 0.92743692
 0.93203909
 0.93649563
 0.94080584
 0.94496905
 0.94898462
 0.95285191
 0.95657032
 0.96013926
 0.96355819
 0.96682656
 0.96994386
 0.97290962
 0.97572336
 0.97838464
 0.98089306
 0.98324821
 0.98544973
 0.98749728
 0.98939053
 0.99112919
 0.99271299
 0.99414168
 0.99541504
 0.99653287
 0.99749499
 0.99830125
 0.99895153
 0.99944573
 0.99978376
 0.99996559
 0.99999116
 0.99986050
 0.99957360
 0.99913053
 0.99853134
 0.99777613
 0.99686503
 0.99579816
 0.99457571
 0.99319785
 0.99166481
 0.98997682
 0.98813415
 0.98613709
 0.98398595
 0.98168106
 0.97922278
 0.97661150
 0.97384763
 0.97093160
 0.96786386
 0.96464489
 0.96127520
 0.95775532
 0.95408578
 0.95026717
 0.94630009
 0.94218514
 0.93792299
 0.93351428
 0.92895972
 0.92426000
 0.91941587
 0.91442809
 0.90929743
 0.90402469
 0.89861070
 0.89305630
 0.88736237
 0.88152979
 0.87555947
 0.86945234
 0.86320937
 0.85683152
 0.85031979
 0.84367520
 0.83689879
 0.82999162
 0.82295476
 0.81578931
 0.80849640
 0.80107717
 0.79353277
 0.78586438
 0.77807320
 0.77016044
 0.76212736
 0.75397519
 0.74570521
 0.73731872
 0.72881703
 0.72020145
 0.71147335
 0.70263408
 0.69368503
 0.68462759
 0.67546318
 0.66619323
 0.65681919
 0.64734252
 0.63776470
 0.62808724
 0.61831164
 0.60843942
 0.59847214
 0.58841135
 0.57825863
 0.56801555
 0.55768372
 0.54726475
 0.53676027
 0.52617193
 0.51550137
 0.50475027
 0.49392030
 0.48301315
 0.47203054
 0.46097417
 0.44984578
 0.43864710
 0.42737988
 0.41604588
 0.40464688
 0.39318465
 0.38166099
 0.37007770
 0.35843658
 0.34673945
 0.33498815
 0.32318451
 0.31133037
 0.29942758
 0.28747801
 0.27548352
 0.26344599
 0.25136730
 0.23924933
 0.22709398
 0.21490314
 0.20267873
 0.19042265
 0.17813681
 0.16582314
 0.15348357
 0.14112001
 0.12873440
 0.11632868
 0.10390478
 0.09146464
 0.07901022
 0.06654345
 0.05406628
 0.04158066
 0.02908855
 0.01659189
 0.00409264
-0.00840725
-0.02090582
-0.03340113
-0.04589122
-0.05837414
-0.07084794
-0.08331067
-0.09576038
-0.10819513
-0.12061298
-0.13301198
-0.14539019
-0.15774569
-0.17007655
-0.18238082
-0.19465661
-0.20690197
-0.21911501
-0.23129381
-0.24343648
-0.25554110
-0.26760580
-0.27962869
-0.29160788
-0.30354151
-0.31542772
-0.32726464
-0.33905042
-0.35078323
-0.36246123
-0.37408259
-0.38564551
-0.39714817
-0.40858877
-0.41996554
-0.43127668
-0.44252044
-0.45369506
-0.46479879
-0.47582989
-0.48678665
-0.49766735
-0.50847028
-0.51919377
-0.52983614
-0.54039572
-0.55087087
-0.56125994
-0.57156132
-0.58177339
-0.59189456
-0.60192325
-0.61185789
-0.62169693
-0.63143883
-0.64108207
-0.65062514
-0.66006655
-0.66940483
-0.67863851
-0.68776616
-0.69678635
-0.70569766
-0.71449871
-0.72318812
-0.73176454
-0.74022662
-0.74857304
-0.75680250
-0.76491370
-0.77290540
-0.78077632
-0.78852525
-0.79615098
-0.80365231
-0.81102807
-0.81827711
-0.82539830
-0.83239051
-0.83925267
-0.84598370
-0.85258255
-0.85904818
-0.86537958
-0.87157577
-0.87763578
-0.88355866
-0.88934349
-0.89498936
-0.90049539
-0.90586071
-0.91108450
-0.91616594
-0.92110422
-0.92589859
-0.93054828
-0.93505258
-0.93941078
-0.94362219
-0.94768617
-0.95160207
-0.95536929
-0.95898724
-0.96245534
-0.96577306
-0.96893988
-0.97195531
-0.97481887
-0.97753012
-0.98008863
-0.98249400
-0.98474586
-0.98684386
-0.98878766
-0.99057697
-0.99221150
-0.99369100
-0.99501524
-0.99618401
-0.99719713
-0.99805444
-0.99875580
-0.99930111
-0.99969029
-0.99992326
-0.99999999
-0.99992048
-0.99968473
-0.99929279
-0.99874471
-0.99804057
-0.99718049
-0.99616461
-0.99499308
-0.99366608
-0.99218382
-0.99054654
-0.98875448
-0.98680794
-0.98470720
-0.98245261
-0.98004452
-0.97748329
-0.97476933
-0.97190307
-0.96888495
-0.96571544
-0.96239504
-0.95892427
-0.95530367
-0.95153381
-0.94761527
-0.94354867
-0.93933464
-0.93497384
-0.93046695
-0.92581468
-0.92101776
-0.91607692
-0.91099295
-0.90576664
-0.90039881
-0.89489029
-0.88924194
-0.88345466
-0.87752933
-0.87146689
-0.86526829
-0.85893449
-0.85246649
-0.84586529
-0.83913192
-0.83226744
-0.82527292
-0.81814946
-0.81089816
-0.80352016
-0.79601661
-0.78838868
-0.78063757
-0.77276449
-0.76477066
-0.75665734
-0.74842580
-0.74007731
-0.73161319
-0.72303475
-0.71434335
-0.70554033
-0.69662706
-0.68760496
-0.67847541
-0.66923986
-0.65989973
-0.65045650
-0.64091164
-0.63126664
-0.62152300
-0.61168225
-0.60174593
-0.59171558
-0.58159278
-0.57137911
-0.56107616
-0.55068554
-0.54020888
-0.52964782
-0.51900399
-0.50827908
-0.49747474
-0.48659268
-0.47563459
-0.46460218
-0.45349718
-0.44232132
-0.43107634
-0.41976402
-0.40838610
-0.39694438
-0.38544063
-0.37387666
-0.36225428
-0.35057529
-0.33884152
-0.32705481
-0.31521700
-0.30332994
-0.29139549
-0.27941550
-0.26739185
-0.25532643
-0.24322111
-0.23107779
-0.21889836
-0.20668473
-0.19443881
-0.18216250
-0.16985774
-0.15752643
-0.14517051
-0.13279191
-0.12039256
-0.10797440
-0.09553936
-0.08308940
-0.07062646
-0.05815248
-0.04566942
-0.03317922
-0.02068383
-0.00818522
 0.00431468
 0.01681390
 0.02931049
 0.04180251
 0.05428799
 0.06676499
 0.07923156
 0.09168575
 0.10412561
 0.11654920
 0.12895459
 0.14133982
 0.15370297
 0.16604211
 0.17835530
 0.19064062
 0.20289615
 0.21511999
 0.22731021
 0.23946491
 0.25158220
 0.26366018
 0.27569697
 0.28769067
 0.29963943
 0.31154136
 0.32339462
 0.33519735
 0.34694771
 0.35864385
 0.37028396
 0.38186621
 0.39338880
 0.40484992
 0.41624778
 0.42758061
 0.43884663
 0.45004407
 0.46117120
 0.47222628
 0.48320756
 0.49411335
 0.50494193
 0.51569162
 0.52636073
 0.53694760
 0.54745057
 0.55786801
 0.56819828
 0.57843976
 0.58859087
 0.59865001
 0.60861562
 0.61848613
 0.62826000
 0.63793571
 0.64751174
 0.65698660
 0.66635881
 0.67562689
 0.68478942
 0.69384494
 0.70279206
 0.71162937
 0.72035548
 0.72896904
 0.73746870
 0.74585313
 0.75412103
 0.76227109
 0.77030205
 0.77821266
 0.78600167
 0.79366786
 0.80121005
 0.80862705
 0.81591771
 0.82308088
 0.83011544
 0.83702031
 0.84379438
 0.85043662
 0.85694598
 0.86332144
 0.86956201
 0.87566671
 0.88163460
 0.88746472
 0.89315619
 0.89870810
 0.90411958
 0.90938981
 0.91451794
 0.91950318
 0.92434474
 0.92904189
 0.93359387
 0.93799998
 0.94225953
 0.94637185
 0.95033630
 0.95415227
 0.95781915
 0.96133637
 0.96470339
 0.96791967
 0.97098472
 0.97389805
 0.97665922
 0.97926778
 0.98172334
 0.98402550
 0.98617391
 0.98816823
 0.99000816
 0.99169339
 0.99322368
 0.99459878
 0.99581847
 0.99688257
 0.99779091
 0.99854335
 0.99913976
 0.99958006
 0.99986418
 0.99999207
 0.99996372
 0.99977912
 0.99943831
 0.99894134
 0.99828829
 0.99747926
 0.99651437
 0.99539378
 0.99411766
 0.99268621
 0.99109966
 0.98935825
 0.98746225
 0.98541197
 0.98320771
 0.98084984
 0.97833870
 0.97567471
 0.97285826
 0.96988981
 0.96676982
 0.96349877
 0.96007717
 0.95650557
 0.95278451
 0.94891458
 0.94489639
 0.94073056
 0.93641774
 0.93195861
 0.92735386
 0.92260421
 0.91771041
 0.91267322
 0.90749342
 0.90217183
 0.89670928
 0.89110662
 0.88536473
 0.87948450
 0.87346685
 0.86731272
 0.86102308
 0.85459891
 0.84804120
 0.84135100
 0.83452933
 0.82757727
 0.82049590
 0.81328633
 0.80594968
 0.79848711
 0.79089978
 0.78318887
 0.77535559
 0.76740116
 0.75932682
 0.75113384
 0.74282350
 0.73439710
 0.72585594
 0.71720138
 0.70843475
 0.69955743
 0.69057080
 0.68147628
 0.67227528
 0.66296923
 0.65355960
 0.64404785
 0.63443546
 0.62472395
 0.61491483
 0.60500963
 0.59500990
 0.58491719
 0.57473310
 0.56445920
 0.55409711
 0.54364844
 0.53311483
 0.52249792
 0.51179937
 0.50102086
 0.49016406
 0.47923067
 0.46822240
 0.45714098
 0.44598813
 0.43476559
 0.42347512
 0.41211849
 0.40069746
 0.38921382
 0.37766937
 0.36606591
 0.35440525
 0.34268922
 0.33091964
 0.31909836
 0.30722722
 0.29530808
 0.28334279
 0.27133323
 0.25928128
 0.24718882
 0.23505773
 0.22288991
 0.21068727
 0.19845171
 0.18618514
 0.17388949
 0.16156666
 0.14921858
 0.13684719
 0.12445442
 0.11204221
 0.09961248
 0.08716720
 0.07470829
 0.06223771
 0.04975741
 0.03726933
 0.02477543
 0.01227765
-0.00022204
-0.01272170
-0.02521937
-0.03771309
-0.05020093
-0.06268092
-0.07515112
-0.08760958
-0.10005434
-0.11248348
-0.12489504
-0.13728708
-0.14965767
-0.16200488
-0.17432678
-0.18662144
-0.19888694
-0.21112136
-0.22332280
-0.23548934
-0.24761909
-0.25971015
-0.27176063
-0.28376864
-0.29573232
-0.30764979
-0.31951919
-0.33133867
-0.34310638
-0.35482047
-0.36647913
-0.37808052
-0.38962284
-0.40110429
-0.41252306
-0.42387737
-0.43516546
-0.44638555
-0.45753589
-0.46861475
-0.47962038
-0.49055108
-0.50140513
-0.51218083
-0.52287651
-0.53349049
-0.54402111
-0.55446673
-0.56482572
-0.57509645
-0.58527732
-0.59536675
-0.60536315
-0.61526497
-0.62507065
-0.63477866
-0.64438750
-0.65389564
-0.66330162
-0.67260396
-0.68180121
-0.69089192
-0.69987469
-0.70874810
-0.71751077
-0.72616133
-0.73469843
-0.74312074
-0.75142693
-0.75961571
-0.76768581
-0.77563596
-0.78346491
-0.79117145
-0.79875437
-0.80621249
-0.81354464
-0.82074968
-0.82782647
-0.83477392
-0.84159093
-0.84827645
-0.85482943
-0.86124884
-0.86753368
-0.87368298
-0.87969576
-0.88557109
-0.89130805
-0.89690575
-0.90236331
-0.90767988
-0.91285462
-0.91788673
-0.92277542
-0.92751993
-0.93211952
-0.93657347
-0.94088108
-0.94504167
-0.94905461
-0.95291926
-0.95663502
-0.96020130
-0.96361756
-0.96688325
-0.96999787
-0.97296093
-0.97577196
-0.97843053
-0.98093623
-0.98328866
-0.98548745
-0.98753225
-0.98942276
-0.99115868
-0.99273972
-0.99416566
-0.99543625
-0.99655132
-0.99751067
-0.99831416
-0.99896167
-0.99945310
-0.99978836
-0.99996740
-0.99999021
-0.99985676
-0.99956709
-0.99912125
-0.99851929
-0.99776131
-0.99684744
-0.99577781
-0.99455259
-0.99317197
-0.99163618
-0.98994544
-0.98810003
-0.98610022
-0.98394635
-0.98163873
-0.97917773
-0.97656374
-0.97379716
-0.97087843
-0.96780800
-0.96458635
-0.96121399
-0.95769144
-0.95401925
-0.95019800
-0.94622828
-0.94211072
-0.93784595
-0.93343465
-0.92887750
-0.92417521
-0.91932853
-0.91433820
-0.90920500
-0.90392975
-0.89851326
-0.89295638
-0.88725997
-0.88142493
-0.87545217
-0.86934263
-0.86309725
-0.85671701
-0.85020292
-0.84355598
-0.83677724
-0.82986775
-0.82282859
-0.81566088
-0.80836571
-0.80094424
-0.79339763
-0.78572705
-0.77793370
-0.77001880
-0.76198358
-0.75382931
-0.74555725
-0.73716871
-0.72866498
-0.72004739
-0.71131731
-0.70247608
-0.69352508
-0.68446573
-0.67529943
-0.66602762
-0.65665174
-0.64717326
-0.63759366
-0.62791444
-0.61813711
-0.60826320
-0.59829424
-0.58823181
-0.57807746
-0.56783279
-0.55749940
-0.54707890
-0.53657292
-0.52598310
-0.51531110
-0.50455858
-0.49372722
-0.48281872
-0.47183478
-0.46077712
-0.44964746
-0.43844755
-0.42717913
-0.41584396
-0.40444382
-0.39298049
-0.38145575
-0.36987141
-0.35822928
-0.34653118
-0.33477893
-0.32297438
-0.31111935
-0.29921572
-0.28726534
-0.27527007
-0.26323179
-0.25115238
-0.23903373
-0.22687773
-0.21468629
-0.20246129
-0.19020467
-0.17791832
-0.16560418
-0.15326416
-0.14090019
-0.12851420
-0.11610814
-0.10368394
-0.09124353
-0.07878887
-0.06632190
-0.05384456
-0.04135881
-0.02886660
-0.01636988
-0.00387060
 0.00862928
 0.02112781
 0.03362305
 0.04611303
 0.05859580
 0.07106942
 0.08353194
 0.09598140
 0.10841587
 0.12083339
 0.13323204
 0.14560987
 0.15796495
 0.17029535
 0.18259913
 0.19487439
 0.20711920
 0.21933165
 0.23150983
 0.24365183
 0.25575576
 0.26781974
 0.27984186
 0.29182026
 0.30375307
 0.31563841
 0.32747444
 0.33925930
 0.35099115
 0.36266816
 0.37428850
 0.38585036
 0.39735193
 0.40879142
 0.42016704
 0.43147700
 0.44271955
 0.45389292
 0.46499537
 0.47602517
 0.48698059
 0.49785992
 0.50866146
 0.51938353
 0.53002444
 0.54058254
 0.55105617
 0.56144370
 0.57174350
 0.58195397
 0.59207351
 0.60210055
 0.61203350
 0.62187083
 0.63161099
 0.64125246
 0.65079374
 0.66023333
 0.66956976
 0.67880158
 0.68792733
 0.69694559
 0.70585496
 0.71465404
 0.72334146
 0.73191585
 0.74037589
 0.74872024
 0.75694761
 0.76505671
 0.77304626
 0.78091504
 0.78866179
 0.79628532
 0.80378443
 0.81115795
 0.81840472
 0.82552363
 0.83251355
 0.83937338
 0.84610207
 0.85269856
 0.85916181
 0.86549083
 0.87168461
 0.87774219
 0.88366263
 0.88944499
 0.89508839
 0.90059192
 0.90595474
 0.91117601
 0.91625491
 0.92119064
 0.92598244
 0.93062956
 0.93513127
 0.93948687
 0.94369567
 0.94775702
 0.95167029
 0.95543486
 0.95905015
 0.96251559
 0.96583063
 0.96899477
 0.97200750
 0.97486836
 0.97757690
 0.98013269
 0.98253534
 0.98478447
 0.98687973
 0.98882079
 0.99060736
 0.99223914
 0.99371588
 0.99503736
 0.99620337
 0.99721372
 0.99806826
 0.99876685
 0.99930939
 0.99969579
 0.99992598
 0.99999994
 0.99991766
 0.99967914
 0.99928442
 0.99873356
 0.99802665
 0.99716381
 0.99614516
 0.99497086
 0.99364110
 0.99215609
 0.99051605
 0.98872125
 0.98677196
 0.98466850
 0.98241118
 0.98000035
 0.97743641
 0.97471975
 0.97185078
 0.96882997
 0.96565778
 0.96233470
 0.95886127
 0.95523801
 0.95146550
 0.94754433
 0.94347510
 0.93925846
 0.93489506
 0.93038558
 0.92573073
 0.92093124
 0.91598786
 0.91090136
 0.90567252
 0.90030218
 0.89479117
 0.88914035
 0.88335060
 0.87742284
 0.87135797
 0.86515696
 0.85882077
 0.85235039
 0.84574683
 0.83901113
 0.83214433
 0.82514751
 0.81802176
 0.81076820
 0.80338796
 0.79588219
 0.78825207
 0.78049878
 0.77262354
 0.76462758
 0.75651215
 0.74827852
 0.73992797
 0.73146180
 0.72288135
 0.71418795
 0.70538296
 0.69646775
 0.68744372
 0.67831228
 0.66907486
 0.65973289
 0.65028784
 0.64074119
 0.63109442
 0.62134904
 0.61150658
 0.60156857
 0.59153657
 0.58141214
 0.57119687
 0.56089235
 0.55050019
 0.54002202
 0.52945947
 0.51881419
 0.50808785
 0.49728212
 0.48639869
 0.47543926
 0.46440555
 0.45329927
 0.44212217
 0.43087598
 0.41956248
 0.40818341
 0.39674057
 0.38523574
 0.37367072
 0.36204731
 0.35036733
 0.33863261
 0.32684498
 0.31500628
 0.30311836
 0.29118307
 0.27920230
 0.26717789
 0.25511174
 0.24300573
 0.23086175
 0.21868170
 0.20646748
 0.19422100
 0.18194418
 0.16963892
 0.15730716
 0.14495082
 0.13257183
 0.12017213
 0.10775365
 0.09531834
 0.08286813
 0.07040497
 0.05793082
 0.04544761
 0.03295730
 0.02046184
 0.00796318
-0.00453672
-0.01703591
-0.02953244
-0.04202435
-0.05450970
-0.06698653
-0.07945290
-0.09190685
-0.10434644
-0.11676973
-0.12917477
-0.14155963
-0.15392237
-0.16626106
-0.17857377
-0.19085858
-0.20311357
-0.21533682
-0.22752643
-0.23968049
-0.25179709
-0.26387436
-0.27591039
-0.28790332
-0.29985126
-0.31175234
-0.32360472
-0.33540654
-0.34715595
-0.35885111
-0.37049021
-0.38207142
-0.39359293
-0.40505294
-0.41644966
-0.42778132
-0.43904613
-0.45024235
-0.46136821
-0.47242199
-0.48340195
-0.49430638
-0.50513358
-0.51588185
-0.52654951
-0.53713490
-0.54763637
-0.55805227
-0.56838098
-0.57862087
-0.58877036
-0.59882786
-0.60879178
-0.61866059
-0.62843273
-0.63810668
-0.64768093
-0.65715398
-0.66652435
-0.67579057
-0.68495121
-0.69400482
-0.70295000
-0.71178534
-0.72050947
-0.72912102
-0.73761864
-0.74600102
-0.75426683
-0.76241479
-0.77044362
-0.77835208
-0.78613892
-0.79380292
-0.80134290
-0.80875766
-0.81604607
-0.82320696
-0.83023923
-0.83714178
-0.84391352
-0.85055341
-0.85706040
-0.86343347
-0.86967164
-0.87577392
-0.88173936
-0.88756703
-0.89325603
-0.89880545
-0.90421443
-0.90948214
-0.91460774
-0.91959043
-0.92442944
-0.92912401
-0.93367341
-0.93807692
-0.94233386
-0.94644356
-0.95040538
-0.95421870
-0.95788293
-0.96139749
-0.96476184
-0.96797544
-0.97103780
-0.97394843
-0.97670689
-0.97931274
-0.98176557
-0.98406501
-0.98621068
-0.98820226
-0.99003944
-0.99172193
-0.99324946
-0.99462180
-0.99583873
-0.99690007
-0.99780564
-0.99855530
-0.99914894
-0.99958647
-0.99986782
-0.99999293
-0.99996180
-0.99977443
-0.99943085
-0.99893110
-0.99827528
-0.99746348
-0.99649582
-0.99537247
-0.99409359
-0.99265938
-0.99107007
-0.98932592
-0.98742718
-0.98537415
-0.98316717
-0.98080657
-0.97829271
-0.97562601
-0.97280686
-0.96983571
-0.96671303
-0.96343930
-0.96001504
-0.95644077
-0.95271706
-0.94884450
-0.94482368
-0.94065523
-0.93633980
-0.93187808
-0.92727075
-0.92251854
-0.91762218
-0.91258245
-0.90740013
-0.90207603
-0.89661098
-0.89100584
-0.88526148
-0.87937880
-0.87335872
-0.86720218
-0.86091014
-0.85448358
-0.84792352
-0.84123097
-0.83440697
-0.82745260
-0.82036895
-0.81315711
-0.80581822
-0.79835342
-0.79076388
-0.78305079
-0.77521534
-0.76725877
-0.75918232
-0.75098725
-0.74267483
-0.73424638
-0.72570320
-0.71704663
-0.70827802
-0.69939875
-0.69041019
-0.68131377
-0.67211088
-0.66280298
-0.65339152
-0.64387797
-0.63426382
-0.62455056
-0.61473972
-0.60483282
-0.59483142
-0.58473708
-0.57455138
-0.56427590
-0.55391226
-0.54346207
-0.53292696
-0.52230859
-0.51160861
-0.50082868
-0.48997051
-0.47903578
-0.46802620
-0.45694349
-0.44578938
-0.43456562
-0.42327396
-0.41191617
-0.40049401
-0.38900928
-0.37746377
-0.36585927
-0.35419762
-0.34248062
-0.33071011
-0.31888792
-0.30701591
-0.29509593
-0.28312984
-0.27111952
-0.25906683
-0.24697366
-0.23484191
-0.22267346
-0.21047021
-0.19823408
-0.18596698
-0.17367082
-0.16134753
-0.14899903
-0.13662724
-0.12423411
-0.11182156
-0.09939155
-0.08694600
-0.07448687
-0.06201610
-0.04953564
-0.03704744
-0.02455345
-0.01205563
 0.00044408
 0.01294372
 0.02544133
 0.03793497
 0.05042269
 0.06290252
 0.07537253
 0.08783076
 0.10027527
 0.11270411
 0.12511533
 0.13750701
 0.14987721
 0.16222399
 0.17454542
 0.18683957
 0.19910454
 0.21133839
 0.22353923
 0.23570513
 0.24783421
 0.25992456
 0.27197430
 0.28398155
 0.29594442
 0.30786106
 0.31972959
 0.33154816
 0.34331493
 0.35502806
 0.36668571
 0.37828607
 0.38982733
 0.40130767
 0.41272531
 0.42407847
 0.43536536
 0.44658423
 0.45773332
 0.46881089
 0.47981521
 0.49074456
 0.50159723
 0.51237152
 0.52306577
 0.53367828
 0.54420740
 0.55465150
 0.56500893
 0.57527808
 0.58545735
 0.59554513
 0.60553987
 0.61543999
 0.62524395
 0.63495022
 0.64455727
 0.65406362
 0.66346777
 0.67276825
 0.68196362
 0.69105243
 0.70003327
 0.70890472
 0.71766541
 0.72631397
 0.73484904
 0.74326930
 0.75157342
 0.75976010
 0.76782808
 0.77577608
 0.78360288
 0.79130723
 0.79888795
 0.80634384
 0.81367374
 0.82087650
 0.82795101
 0.83489615
 0.84171084
 0.84839401
 0.85494463
 0.86136166
 0.86764410
 0.87379098
 0.87980133
 0.88567421
 0.89140870
 0.89700392
 0.90245898
 0.90777303
 0.91294525
 0.91797482
 0.92286096
 0.92760290
 0.93219991
 0.93665126
 0.94095627
 0.94511425
 0.94912455
 0.95298656
 0.95669967
 0.96026330
 0.96367688
 0.96693989
 0.97005182
 0.97301219
 0.97582052
 0.97847638
 0.98097935
 0.98332905
 0.98552511
 0.98756718
 0.98945495
 0.99118811
 0.99276641
 0.99418958
 0.99545742
 0.99656972
 0.99752630
 0.99832703
 0.99897176
 0.99946041
 0.99979290
 0.99996917
 0.99998920
 0.99985298
 0.99956054
 0.99911191
 0.99850718
 0.99774644
 0.99682979
 0.99575740
 0.99452942
 0.99314605
 0.99160750
 0.98991401
 0.98806585
 0.98606331
 0.98390669
 0.98159635
 0.97913263
 0.97651592
 0.97374664
 0.97082521
 0.96775209
 0.96452776
 0.96115272
 0.95762751
 0.95395267
 0.95012878
 0.94615643
 0.94203624
 0.93776887
 0.93335497
 0.92879523
 0.92409038
 0.91924113
 0.91424826
 0.90911254
 0.90383476
 0.89841577
 0.89285640
 0.88715753
 0.88132004
 0.87534484
 0.86923287
 0.86298509
 0.85660247
 0.85008600
 0.84343671
 0.83665564
 0.82974384
 0.82270239
 0.81553240
 0.80823498
 0.80081128
 0.79326245
 0.78558968
 0.77779416
 0.76987711
 0.76183977
 0.75368340
 0.74540926
 0.73701865
 0.72851289
 0.71989330
 0.71116122
 0.70231803
 0.69336510
 0.68430384
 0.67513565
 0.66586198
 0.65648427
 0.64700398
 0.63742260
 0.62774162
 0.61796256
 0.60808694
 0.59811631
 0.58805223
 0.57789627
 0.56765001
 0.55731505
 0.54689302
 0.53638554
 0.52579424
 0.51512080
 0.50436686
 0.49353412
 0.48262427
 0.47163900
 0.46058005
 0.44944913
 0.43824798
 0.42697836
 0.41564202
 0.40424074
 0.39277630
 0.38125049
 0.36966511
 0.35802197
 0.34632289
 0.33456970
 0.32276423
 0.31090833
 0.29900385
 0.28705265
 0.27505660
 0.26301758
 0.25093745
 0.23881812
 0.22666148
 0.21446942
 0.20224385
 0.18998668
 0.17769982
 0.16538520
 0.15304474
 0.14068036
 0.12829400
 0.11588760
 0.10346309
 0.09102242
 0.07856752
 0.06610035
 0.05362284
 0.04113696
 0.02864466
 0.01614787
 0.00364857
-0.00885131
-0.02134980
-0.03384496
-0.04633483
-0.05881746
-0.07129090
-0.08375320
-0.09620241
-0.10863660
-0.12105380
-0.13345210
-0.14582954
-0.15818420
-0.17051414
-0.18281744
-0.19509217
-0.20733642
-0.21954828
-0.23172583
-0.24386717
-0.25597041
-0.26803366
-0.28005502
-0.29203263
-0.30396461
-0.31584909
-0.32768423
-0.33946816
-0.35119905
-0.36287507
-0.37449439
-0.38605520
-0.39755568
-0.40899405
-0.42036852
-0.43167730
-0.44291863
-0.45409076
-0.46519194
-0.47622043
-0.48717451
-0.49805248
-0.50885262
-0.51957326
-0.53021271
-0.54076932
-0.55124144
-0.56162742
-0.57192566
-0.58213453
-0.59225244
-0.60227781
-0.61220908
-0.62204470
-0.63178312
-0.64142282
-0.65096231
-0.66040008
-0.66973467
-0.67896461
-0.68808846
-0.69710480
-0.70601223
-0.71480934
-0.72349476
-0.73206713
-0.74052512
-0.74886741
-0.75709269
-0.76519967
-0.77318710
-0.78105371
-0.78879829
-0.79641961
-0.80391650
-0.81128778
-0.81853230
-0.82564892
-0.83263654
-0.83949405
-0.84622040
-0.85281453
-0.85927541
-0.86560203
-0.87179340
-0.87784855
-0.88376655
-0.88954645
-0.89518737
-0.90068841
-0.90604873
-0.91126747
-0.91634383
-0.92127702
-0.92606625
-0.93071080
-0.93520992
-0.93956291
-0.94376910
-0.94782783
-0.95173846
-0.95550038
-0.95911301
-0.96257578
-0.96588815
-0.96904961
-0.97205965
-0.97491780
-0.97762363
-0.98017671
-0.98257663
-0.98482303
-0.98691556
-0.98885388
-0.99063769
-0.99226672
-0.99374071
-0.99505943
-0.99622267
-0.99723026
-0.99808203
-0.99877785
-0.99931761
-0.99970124
-0.99992866
-0.99999985
-0.99991478
-0.99967349
-0.99927599
-0.99872236
-0.99801269
-0.99714707
-0.99612565
-0.99494859
-0.99361608
-0.99212831
-0.99048552
-0.98868797
-0.98673594
-0.98462974
-0.98236969
-0.97995615
-0.97738949
-0.97467011
-0.97179845
-0.96877494
-0.96560006
-0.96227431
-0.95879821
-0.95517230
-0.95139714
-0.94747333
-0.94340148
-0.93918223
-0.93481623
-0.93030416
-0.92564674
-0.92084469
-0.91589875
-0.91080971
-0.90557836
-0.90020552
-0.89469201
-0.88903872
-0.88324651
-0.87731630
-0.87124901
-0.86504559
-0.85870700
-0.85223425
-0.84562833
-0.83889029
-0.83202117
-0.82502206
-0.81789403
-0.81063821
-0.80325573
-0.79574774
-0.78811542
-0.78035995
-0.77248256
-0.76448447
-0.75636692
-0.74813120
-0.73977859
-0.73131038
-0.72272791
-0.71403251
-0.70522555
-0.69630840
-0.68728245
-0.67814912
-0.66890982
-0.65956601
-0.65011914
-0.64057070
-0.63092216
-0.62117505
-0.61133088
-0.60139119
-0.59135753
-0.58123147
-0.57101460
-0.56070851
-0.55031481
-0.53983512
-0.52927109
-0.51862436
-0.50789659
-0.49708947
-0.48620467
-0.47524391
-0.46420889
-0.45310134
-0.44192300
-0.43067560
-0.41936092
-0.40798070
-0.39653675
-0.38503083
-0.37346475
-0.36184033
-0.35015936
-0.33842368
-0.32663513
-0.31479553
-0.30290676
-0.29097065
-0.27898908
-0.26696392
-0.25489704
-0.24279034
-0.23064571
-0.21846503
-0.20625022
-0.19400319
-0.18172584
-0.16942010
-0.15708788
-0.14473112
-0.13235175
-0.11995170
-0.10753290
-0.09509731
-0.08264685
-0.07018348
-0.05770915
-0.04522580
-0.03273538
-0.02023985
-0.00774115
 0.00475875
 0.01725791
 0.02975438
 0.04224619
 0.05473141
 0.06720807
 0.07967423
 0.09212795
 0.10456727
 0.11699025
 0.12939495
 0.14177943
 0.15414176
 0.16648000
 0.17879224
 0.19107653
 0.20333098
 0.21555365
 0.22774264
 0.23989605
 0.25201197
 0.26408852
 0.27612381
 0.28811595
 0.30006307
 0.31196331
 0.32381481
 0.33561571
 0.34736417
 0.35905835
 0.37069644
 0.38227660
 0.39379704
 0.40525594
 0.41665152
 0.42798200
 0.43924561
 0.45044059
 0.46156519
 0.47261767
 0.48359631
 0.49449938
 0.50532519
 0.51607205
 0.52673826
 0.53732218
 0.54782214
 0.55823651
 0.56856365
 0.57880195
 0.58894982
 0.59900567
 0.60896792
 0.61883502
 0.62860543
 0.63827763
 0.64785009
 0.65732133
 0.66668986
 0.67595422
 0.68511297
 0.69416467
 0.70310791
 0.71194128
 0.72066342
 0.72927296
 0.73776855
 0.74614886
 0.75441260
 0.76255845
 0.77058516
 0.77849146
 0.78627613
 0.79393794
 0.80147570
 0.80888824
 0.81617438
 0.82333300
 0.83036298
 0.83726321
 0.84403262
 0.85067016
 0.85717478
 0.86354546
 0.86978122
 0.87588108
 0.88184408
 0.88766930
 0.89335582
 0.89890276
 0.90430924
 0.90957443
 0.91469750
 0.91967764
 0.92451410
 0.92920609
 0.93375290
 0.93815382
 0.94240815
 0.94651523
 0.95047442
 0.95428509
 0.95794667
 0.96145857
 0.96482024
 0.96803116
 0.97109082
 0.97399876
 0.97675451
 0.97935764
 0.98180775
 0.98410446
 0.98624740
 0.98823625
 0.99007068
 0.99175042
 0.99327519
 0.99464477
 0.99585894
 0.99691751
 0.99782031
 0.99856721
 0.99915808
 0.99959283
 0.99987140
 0.99999374
 0.99995984
 0.99976969
 0.99942333
 0.99892081
 0.99826222
 0.99744765
 0.99647722
 0.99535110
 0.99406946
 0.99263250
 0.99104044
 0.98929354
 0.98739205
 0.98533629
 0.98312658
 0.98076325
 0.97824668
 0.97557726
 0.97275541
 0.96978156
 0.96665619
 0.96337979
 0.95995285
 0.95637593
 0.95264957
 0.94877437
 0.94475092
 0.94057985
 0.93626182
 0.93179751
 0.92718760
 0.92243282
 0.91753391
 0.91249164
 0.90730679
 0.90198018
 0.89651264
 0.89090501
 0.88515819
 0.87927306
 0.87325055
 0.86709159
 0.86079715
 0.85436822
 0.84780579
 0.84111089
 0.83428457
 0.82732790
 0.82024196
 0.81302785
 0.80568672
 0.79821969
 0.79062795
 0.78291267
 0.77507506
 0.76711635
 0.75903778
 0.75084061
 0.74252613
 0.73409562
 0.72555041
 0.71689184
 0.70812126
 0.69924003
 0.69024955
 0.68115122
 0.67194646
 0.66263671
 0.65322342
 0.64370807
 0.63409214
 0.62437714
 0.61456457
 0.60465599
 0.59465292
 0.58455695
 0.57436963
 0.56409258
 0.55372738
 0.54327567
 0.53273907
 0.52211923
 0.51141781
 0.50063649
 0.48977694
 0.47884086
 0.46782996
 0.45674597
 0.44559061
 0.43436563
 0.42307278
 0.41171383
 0.40029055
 0.38880472
 0.37725814
 0.36565262
 0.35398996
 0.34227200
 0.33050055
 0.31867747
 0.30680459
 0.29488377
 0.28291688
 0.27090579
 0.25885236
 0.24675849
 0.23462607
 0.22245699
 0.21025314
 0.19801645
 0.18574881
 0.17345216
 0.16112840
 0.14877946
 0.13640728
 0.12401379
 0.11160091
 0.09917060
 0.08672480
 0.07426545
 0.06179449
 0.04931387
 0.03682555
 0.02433148
 0.01183361
-0.00066612
-0.01316574
-0.02566330
-0.03815685
-0.05064444
-0.06312412
-0.07559394
-0.08805194
-0.10049618
-0.11292473
-0.12533563
-0.13772694
-0.15009674
-0.16244308
-0.17476404
-0.18705770
-0.19932213
-0.21155541
-0.22375564
-0.23592091
-0.24804931
-0.26013896
-0.27218797
-0.28419444
-0.29615651
-0.30807230
-0.31993996
-0.33175763
-0.34352346
-0.35523562
-0.36689228
-0.37849160
-0.39003179
-0.40151104
-0.41292755
-0.42427954
-0.43556524
-0.44678288
-0.45793072
-0.46900700
-0.48001001
-0.49093801
-0.50178930
-0.51256219
-0.52325499
-0.53386604
-0.54439367
-0.55483624
-0.56519212
-0.57545969
-0.58563734
-0.59572349
-0.60571656
-0.61561498
-0.62541722
-0.63512174
-0.64472702
-0.65423156
-0.66363388
-0.67293251
-0.68212600
-0.69121290
-0.70019181
-0.70906131
-0.71782002
-0.72646657
-0.73499962
-0.74341782
-0.75171986
-0.75990445
-0.76797031
-0.77591617
-0.78374080
-0.79144297
-0.79902148
-0.80647514
-0.81380279
-0.82100329
-0.82807551
-0.83501834
-0.84183070
-0.84851153
-0.85505978
-0.86147443
-0.86775447
-0.87389893
-0.87990685
-0.88577728
-0.89150931
-0.89710204
-0.90255461
-0.90786615
-0.91303584
-0.91806287
-0.92294645
-0.92768583
-0.93228025
-0.93672901
-0.94103141
-0.94518677
-0.94919445
-0.95305382
-0.95676428
-0.96032524
-0.96373616
-0.96699649
-0.97010573
-0.97306340
-0.97586903
-0.97852217
-0.98102243
-0.98336941
-0.98556273
-0.98760206
-0.98948708
-0.99121750
-0.99279304
-0.99421346
-0.99547853
-0.99658807
-0.99754188
-0.99833984
-0.99898180
-0.99946768
-0.99979739
-0.99997089
-0.99998814
-0.99984915
-0.99955393
-0.99910253
-0.99849503
-0.99773151
-0.99681210
-0.99573694
-0.99450620
-0.99312007
-0.99157876
-0.98988253
-0.98803162
-0.98602634
-0.98386700
-0.98155392
-0.97908748
-0.97646806
-0.97369607
-0.97077194
-0.96769613
-0.96446912
-0.96109141
-0.95756354
-0.95388605
-0.95005951
-0.94608453
-0.94196172
-0.93769174
-0.93327524
-0.92871292
-0.92400550
-0.91915369
-0.91415828
-0.90902002
-0.90373974
-0.89831824
-0.89275639
-0.88705504
-0.88121510
-0.87523746
-0.86912308
-0.86287289
-0.85648788
-0.84996905
-0.84331741
-0.83653400
-0.82961989
-0.82257615
-0.81540388
-0.80810421
-0.80067828
-0.79312724
-0.78545228
-0.77765459
-0.76973539
-0.76169593
-0.75353745
-0.74526123
-0.73686857
-0.72836077
-0.71973917
-0.71100511
-0.70215995
-0.69320509
-0.68414191
-0.67497184
-0.66569630
-0.65631676
-0.64683466
-0.63725150
-0.62756876
-0.61778797
-0.60791066
-0.59793836
-0.58787263
-0.57771504
-0.56746720
-0.55713068
-0.54670711
-0.53619813
-0.52560536
-0.51493047
-0.50417512
-0.49334099
-0.48242979
-0.47144320
-0.46038295
-0.44925077
-0.43804839
-0.42677757
-0.41544006
-0.40403765
-0.39257210
-0.38104521
-0.36945879
-0.35781464
-0.34611458
-0.33436044
-0.32255406
-0.31069729
-0.29879196
-0.28683995
-0.27484312
-0.26280335
-0.25072251
-0.23860250
-0.22644521
-0.21425254
-0.20202639
-0.18976868
-0.17748131
-0.16516621
-0.15282531
-0.14046053
-0.12807380
-0.11566705
-0.10324224
-0.09080130
-0.07834616
-0.06587879
-0.05340112
-0.04091511
-0.02842271
-0.01592586
-0.00342653
 0.00907334
 0.02157179
 0.03406687
 0.04655663
 0.05903911
 0.07151237
 0.08397446
 0.09642342
 0.10885732
 0.12127421
 0.13367215
 0.14604920
 0.15840344
 0.17073292
 0.18303573
 0.19530994
 0.20755363
 0.21976489
 0.23194182
 0.24408250
 0.25618505
 0.26824756
 0.28026817
 0.29224498
 0.30417613
 0.31605976
 0.32789400
 0.33967701
 0.35140694
 0.36308197
 0.37470026
 0.38626001
 0.39775941
 0.40919666
 0.42056997
 0.43187757
 0.44311769
 0.45428857
 0.46538848
 0.47641566
 0.48736841
 0.49824500
 0.50904375
 0.51976296
 0.53040096
 0.54095608
 0.55142668
 0.56181112
 0.57210778
 0.58231505
 0.59243133
 0.60245505
 0.61238463
 0.62221853
 0.63195521
 0.64159315
 0.65113084
 0.66056679
 0.66989954
 0.67912761
 0.68824956
 0.69726398
 0.70616946
 0.71496459
 0.72364802
 0.73221837
 0.74067432
 0.74901454
 0.75723773
 0.76534260
 0.77332789
 0.78119235
 0.78893474
 0.79655387
 0.80404854
 0.81141758
 0.81865983
 0.82577417
 0.83275949
 0.83961468
 0.84633869
 0.85293046
 0.85938897
 0.86571319
 0.87190215
 0.87795488
 0.88387042
 0.88964787
 0.89528631
 0.90078486
 0.90614266
 0.91135889
 0.91643271
 0.92136335
 0.92615002
 0.93079198
 0.93528851
 0.93963891
 0.94384248
 0.94789859
 0.95180658
 0.95556586
 0.95917583
 0.96263594
 0.96594563
 0.96910440
 0.97211174
 0.97496720
 0.97767032
 0.98022068
 0.98261788
 0.98486155
 0.98695133
 0.98888691
 0.99066798
 0.99229426
 0.99376549
 0.99508145
 0.99624193
 0.99724675
 0.99809575
 0.99878880
 0.99932579
 0.99970664
 0.99993129
 0.99999970
 0.99991186
 0.99966779
 0.99926752
 0.99871112
 0.99799867
 0.99713029
 0.99610610
 0.99492628
 0.99359100
 0.99210048
 0.99045494
 0.98865465
 0.98669988
 0.98459094
 0.98232816
 0.97991189
 0.97734251
 0.97462043
 0.97174606
 0.96871986
 0.96554230
 0.96221388
 0.95873511
 0.95510654
 0.95132874
 0.94740229
 0.94332782
 0.93910595
 0.93473735
 0.93022270
 0.92556270
 0.92075808
 0.91580960
 0.91071803
 0.90548416
 0.90010880
 0.89459281
 0.88893704
 0.88314237
 0.87720972
 0.87114000
 0.86493417
 0.85859319
 0.85211806
 0.84550979
 0.83876941
 0.83189798
 0.82489656
 0.81776625
 0.81050817
 0.80312345
 0.79561325
 0.78797872
 0.78022108
 0.77234154
 0.76434131
 0.75622166
 0.74798385
 0.73962917
 0.73115892
 0.72257443
 0.71387704
 0.70506811
 0.69614901
 0.68712115
 0.67798592
 0.66874475
 0.65939910
 0.64995042
 0.64040018
 0.63074988
 0.62100103
 0.61115515
 0.60121377
 0.59117846
 0.58105078
 0.57083231
 0.56052465
 0.55012940
 0.53964820
 0.52908269
 0.51843450
 0.50770531
 0.49689679
 0.48601063
 0.47504854
 0.46401222
 0.45290339
 0.44172381
 0.43047520
 0.41915933
 0.40777797
 0.39633290
 0.38482590
 0.37325877
 0.36163332
 0.34995137
 0.33821474
 0.32642526
 0.31458478
 0.30269514
 0.29075821
 0.27877585
 0.26674993
 0.25468233
 0.24257494
 0.23042965
 0.21824835
 0.20603295
 0.19378536
 0.18150749
 0.16920126
 0.15686860
 0.14451142
 0.13213166
 0.11973126
 0.10731215
 0.09487627
 0.08242557
 0.06996199
 0.05748748
 0.04500398
 0.03251346
 0.02001785
 0.00751912
-0.00498079
-0.01747992
-0.02997632
-0.04246803
-0.05495311
-0.06742961
-0.07989557
-0.09234904
-0.10478809
-0.11721076
-0.12961512
-0.14199922
-0.15436114
-0.16669894
-0.17901069
-0.19129448
-0.20354837
-0.21577046
-0.22795884
-0.24011160
-0.25222684
-0.26430267
-0.27633721
-0.28832856
-0.30027487
-0.31217426
-0.32402487
-0.33582486
-0.34757237
-0.35926558
-0.37090265
-0.38248177
-0.39400112
-0.40545892
-0.41685336
-0.42818267
-0.43944508
-0.45063882
-0.46176215
-0.47281334
-0.48379065
-0.49469236
-0.50551678
-0.51626222
-0.52692699
-0.53750943
-0.54800789
-0.55842072
-0.56874629
-0.57898300
-0.58912925
-0.59918345
-0.60914403
-0.61900942
-0.62877810
-0.63844854
-0.64801921
-0.65748864
-0.66685534
-0.67611784
-0.68527469
-0.69432448
-0.70326578
-0.71209719
-0.72081734
-0.72942487
-0.73791842
-0.74629668
-0.75455832
-0.76270207
-0.77072665
-0.77863081
-0.78641330
-0.79407292
-0.80160847
-0.80901877
-0.81630266
-0.82345900
-0.83048668
-0.83738460
-0.84415168
-0.85078686
-0.85728911
-0.86365741
-0.86989076
-0.87598820
-0.88194876
-0.88777152
-0.89345557
-0.89900002
-0.90440400
-0.90966667
-0.91478721
-0.91976481
-0.92459870
-0.92928813
-0.93383235
-0.93823067
-0.94248239
-0.94658685
-0.95054340
-0.95435144
-0.95801036
-0.96151959
-0.96487859
-0.96808683
-0.97114380
-0.97404904
-0.97680208
-0.97940250
-0.98184989
-0.98414387
-0.98628408
-0.98827018
-0.99010187
-0.99177885
-0.99330088
-0.99466770
-0.99587910
-0.99693491
-0.99783494
-0.99857906
-0.99916716
-0.99959914
-0.99987494
-0.99999450
-0.99995782
-0.99976490
-0.99941577
-0.99891048
-0.99824911
-0.99743177
-0.99645858
-0.99532970
-0.99404529
-0.99260557
-0.99101076
-0.98926111
-0.98735688
-0.98529838
-0.98308594
-0.98071988
-0.97820059
-0.97552846
-0.97270391
-0.96972737
-0.96659931
-0.96332022
-0.95989062
-0.95631104
-0.95258203
-0.94870419
-0.94467811
-0.94050443
-0.93618380
-0.93171689
-0.92710440
-0.92234705
-0.91744559
-0.91240078
-0.90721341
-0.90188429
-0.89641425
-0.89080414
-0.88505486
-0.87916728
-0.87314233
-0.86698096
-0.86068413
-0.85425281
-0.84768802
-0.84099078
-0.83416214
-0.82720316
-0.82011493
-0.81289856
-0.80555517
-0.79808592
-0.79049198
-0.78277451
-0.77493474
-0.76697389
-0.75889320
-0.75069394
-0.74237738
-0.73394483
-0.72539760
-0.71673702
-0.70796446
-0.69908128
-0.69008887
-0.68098864
-0.67178200
-0.66247040
-0.65305528
-0.64353813
-0.63392043
-0.62420368
-0.61438940
-0.60447912
-0.59447439
-0.58437678
-0.57418786
-0.56390922
-0.55354248
-0.54308924
-0.53255115
-0.52192985
-0.51122699
-0.50044426
-0.48958334
-0.47864592
-0.46763371
-0.45654844
-0.44539183
-0.43416562
-0.42287159
-0.41151147
-0.40008706
-0.38860014
-0.37705250
-0.36544595
-0.35378229
-0.34206336
-0.33029098
-0.31846700
-0.30659325
-0.29467160
-0.28270391
-0.27069205
-0.25863789
-0.24654332
-0.23441022
-0.22224050
-0.21003606
-0.19779880
-0.18553063
-0.17323348
-0.16090925
-0.14855989
-0.13618731
-0.12379346
-0.11138026
-0.09894966
-0.08650360
-0.07404402
-0.06157287
-0.04909210
-0.03660366
-0.02410951
-0.01161158
 0.00088816
 0.01338776
 0.02588527
 0.03837873
 0.05086620
 0.06334572
 0.07581534
 0.08827311
 0.10071710
 0.11314534
 0.12555591
 0.13794686
 0.15031626
 0.16266217
 0.17498266
 0.18727581
 0.19953971
 0.21177242
 0.22397204
 0.23613667
 0.24826441
 0.26035335
 0.27240161
 0.28440732
 0.29636858
 0.30828353
 0.32015032
 0.33196709
 0.34373198
 0.35544317
 0.36709882
 0.37869711
 0.39023624
 0.40171438
 0.41312976
 0.42448059
 0.43576510
 0.44698152
 0.45812810
 0.46920310
 0.48020478
 0.49113143
 0.50198135
 0.51275283
 0.52344420
 0.53405378
 0.54457991
 0.55502095
 0.56537528
 0.57564126
 0.58581730
 0.59590181
 0.60589321
 0.61578995
 0.62559046
 0.63529323
 0.64489673
 0.65439947
 0.66379997
 0.67309674
 0.68228835
 0.69137334
 0.70035032
 0.70921786
 0.71797459
 0.72661914
 0.73515016
 0.74356631
 0.75186628
 0.76004877
 0.76811251
 0.77605623
 0.78387869
 0.79157867
 0.79915497
 0.80660641
 0.81393181
 0.82113004
 0.82819997
 0.83514049
 0.84195053
 0.84862901
 0.85517489
 0.86158716
 0.86786480
 0.87400685
 0.88001233
 0.88588031
 0.89160987
 0.89720012
 0.90265019
 0.90795922
 0.91312638
 0.91815087
 0.92303190
 0.92776870
 0.93236055
 0.93680671
 0.94110651
 0.94525925
 0.94926430
 0.95312103
 0.95682884
 0.96038714
 0.96379539
 0.96705304
 0.97015959
 0.97311456
 0.97591749
 0.97856792
 0.98106546
 0.98340971
 0.98560030
 0.98763689
 0.98951917
 0.99124684
 0.99281962
 0.99423729
 0.99549960
 0.99660637
 0.99755742
 0.99835260
 0.99899180
 0.99947490
 0.99980184
 0.99997256
 0.99998704
 0.99984527
 0.99954728
 0.99909311
 0.99848283
 0.99771654
 0.99679436
 0.99571644
 0.99448293
 0.99309404
 0.99154999
 0.98985100
 0.98799735
 0.98598933
 0.98382725
 0.98151145
 0.97904229
 0.97642015
 0.97364546
 0.97071863
 0.96764013
 0.96441044
 0.96103006
 0.95749952
 0.95381937
 0.94999019
 0.94601258
 0.94188716
 0.93761457
 0.93319547
 0.92863057
 0.92392057
 0.91906621
 0.91406825
 0.90892746
 0.90364466
 0.89822067
 0.89265633
 0.88695251
 0.88111011
 0.87513004
 0.86901323
 0.86276064
 0.85637325
 0.84985205
 0.84319806
 0.83641232
 0.82949590
 0.82244986
 0.81527533
 0.80797340
 0.80054524
 0.79299199
 0.78531483
 0.77751497
 0.76959363
 0.76155204
 0.75339146
 0.74511316
